{
 "cells": [
  {
   "cell_type": "markdown",
   "id": "1f2cd3d4",
   "metadata": {},
   "source": [
    "## Phase 1\n"
   ]
  },
  {
   "cell_type": "markdown",
   "id": "b3e42503",
   "metadata": {},
   "source": [
    "# General data information"
   ]
  },
  {
   "cell_type": "code",
   "execution_count": 36,
   "id": "1210d3f1",
   "metadata": {
    "scrolled": true
   },
   "outputs": [
    {
     "name": "stdout",
     "output_type": "stream",
     "text": [
      "     age  sex  cp  trtbps   chol  fbs  restecg  thalachh  exng  oldpeak  slp  \\\n",
      "0     63  1.0   3   145.0  233.0    1        0       150     0      2.3    0   \n",
      "1     37  1.0   2   130.0  250.0    0        1       187     0      3.5    0   \n",
      "2     41  0.0   1   130.0  204.0    0        0       172     0      1.4    2   \n",
      "3     56  1.0   1   120.0  236.0    0        1       178     0      0.8    2   \n",
      "4     57  0.0   0   120.0  354.0    0        1       163     1      0.6    2   \n",
      "..   ...  ...  ..     ...    ...  ...      ...       ...   ...      ...  ...   \n",
      "298   57  0.0   0   140.0  241.0    0        1       123     1      0.2    1   \n",
      "299   45  1.0   3   110.0  264.0    0        1       132     0      1.2    1   \n",
      "300   68  1.0   0   144.0  193.0    1        1       141     0      3.4    1   \n",
      "301   57  1.0   0   130.0  131.0    0        1       115     1      1.2    1   \n",
      "302   57  0.0   1   130.0  236.0    0        0       174     0      0.0    1   \n",
      "\n",
      "     caa  thall  output  \n",
      "0    0.0      1       1  \n",
      "1    0.0      2       1  \n",
      "2    0.0      2       1  \n",
      "3    0.0      2       1  \n",
      "4    0.0      2       1  \n",
      "..   ...    ...     ...  \n",
      "298  0.0      3       0  \n",
      "299  0.0      3       0  \n",
      "300  2.0      3       0  \n",
      "301  1.0      3       0  \n",
      "302  1.0      2       0  \n",
      "\n",
      "[303 rows x 14 columns]\n"
     ]
    }
   ],
   "source": [
    "import pandas as pd\n",
    "\n",
    "# Load the CSV file\n",
    "df = pd.read_csv('heart_1.csv')\n",
    "\n",
    "# Print the first few rows of the dataframe\n",
    "print(df)\n"
   ]
  },
  {
   "cell_type": "code",
   "execution_count": 40,
   "id": "900652d4",
   "metadata": {},
   "outputs": [
    {
     "name": "stdout",
     "output_type": "stream",
     "text": [
      "   age  sex  cp  trtbps   chol  fbs  restecg  thalachh  exng  oldpeak  slp  \\\n",
      "0   63  1.0   3   145.0  233.0    1        0       150     0      2.3    0   \n",
      "1   37  1.0   2   130.0  250.0    0        1       187     0      3.5    0   \n",
      "2   41  0.0   1   130.0  204.0    0        0       172     0      1.4    2   \n",
      "3   56  1.0   1   120.0  236.0    0        1       178     0      0.8    2   \n",
      "4   57  0.0   0   120.0  354.0    0        1       163     1      0.6    2   \n",
      "5   57  1.0   0   140.0  192.0    0        1       148     0      0.4    1   \n",
      "6   56  0.0   1   140.0  294.0    0        0       153     0      1.3    1   \n",
      "7   44  NaN   1   120.0  263.0    0        1       173     0      0.0    2   \n",
      "8   52  1.0   2   172.0  199.0    1        1       162     0      0.5    2   \n",
      "9   57  1.0   2   150.0  168.0    0        1       174     0      1.6    2   \n",
      "\n",
      "   caa  thall  output  \n",
      "0  0.0      1       1  \n",
      "1  0.0      2       1  \n",
      "2  0.0      2       1  \n",
      "3  0.0      2       1  \n",
      "4  0.0      2       1  \n",
      "5  0.0      1       1  \n",
      "6  0.0      2       1  \n",
      "7  0.0      3       1  \n",
      "8  0.0      3       1  \n",
      "9  0.0      2       1  \n"
     ]
    }
   ],
   "source": [
    "import pandas as pd\n",
    "# View the first 10 lines of the data\n",
    "print(heart_data.head(10))\n"
   ]
  },
  {
   "cell_type": "code",
   "execution_count": 41,
   "id": "5153870b",
   "metadata": {},
   "outputs": [
    {
     "name": "stdout",
     "output_type": "stream",
     "text": [
      "     age  sex  cp  trtbps   chol  fbs  restecg  thalachh  exng  oldpeak  slp  \\\n",
      "293   67  1.0   2   152.0  212.0    0        0       150     0      0.8    1   \n",
      "294   44  1.0   0   120.0  169.0    0        1       144     1      2.8    0   \n",
      "295   63  1.0   0   140.0  187.0    0        0       144     1      4.0    2   \n",
      "296   63  0.0   0   124.0  197.0    0        1       136     1      0.0    1   \n",
      "297   59  1.0   0   164.0  176.0    1        0        90     0      1.0    1   \n",
      "298   57  0.0   0   140.0  241.0    0        1       123     1      0.2    1   \n",
      "299   45  1.0   3   110.0  264.0    0        1       132     0      1.2    1   \n",
      "300   68  1.0   0   144.0  193.0    1        1       141     0      3.4    1   \n",
      "301   57  1.0   0   130.0  131.0    0        1       115     1      1.2    1   \n",
      "302   57  0.0   1   130.0  236.0    0        0       174     0      0.0    1   \n",
      "\n",
      "     caa  thall  output  \n",
      "293  0.0      3       0  \n",
      "294  0.0      1       0  \n",
      "295  2.0      3       0  \n",
      "296  0.0      2       0  \n",
      "297  2.0      1       0  \n",
      "298  0.0      3       0  \n",
      "299  0.0      3       0  \n",
      "300  2.0      3       0  \n",
      "301  1.0      3       0  \n",
      "302  1.0      2       0  \n"
     ]
    }
   ],
   "source": [
    "import pandas as pd\n",
    "# View the last 10 lines\n",
    "print(df.tail(10))\n"
   ]
  },
  {
   "cell_type": "code",
   "execution_count": 39,
   "id": "cda344a3",
   "metadata": {},
   "outputs": [
    {
     "data": {
      "text/plain": [
       "(303, 14)"
      ]
     },
     "execution_count": 39,
     "metadata": {},
     "output_type": "execute_result"
    }
   ],
   "source": [
    "df.shape"
   ]
  },
  {
   "cell_type": "code",
   "execution_count": 42,
   "id": "aa302277",
   "metadata": {},
   "outputs": [
    {
     "name": "stdout",
     "output_type": "stream",
     "text": [
      "<class 'pandas.core.frame.DataFrame'>\n",
      "RangeIndex: 303 entries, 0 to 302\n",
      "Data columns (total 14 columns):\n",
      " #   Column    Non-Null Count  Dtype  \n",
      "---  ------    --------------  -----  \n",
      " 0   age       303 non-null    int64  \n",
      " 1   sex       302 non-null    float64\n",
      " 2   cp        303 non-null    int64  \n",
      " 3   trtbps    302 non-null    float64\n",
      " 4   chol      302 non-null    float64\n",
      " 5   fbs       303 non-null    int64  \n",
      " 6   restecg   303 non-null    int64  \n",
      " 7   thalachh  303 non-null    int64  \n",
      " 8   exng      303 non-null    int64  \n",
      " 9   oldpeak   302 non-null    float64\n",
      " 10  slp       303 non-null    int64  \n",
      " 11  caa       302 non-null    float64\n",
      " 12  thall     303 non-null    int64  \n",
      " 13  output    303 non-null    int64  \n",
      "dtypes: float64(5), int64(9)\n",
      "memory usage: 33.3 KB\n"
     ]
    }
   ],
   "source": [
    "df.info()\n"
   ]
  },
  {
   "cell_type": "code",
   "execution_count": 43,
   "id": "77a4a130",
   "metadata": {},
   "outputs": [
    {
     "name": "stdout",
     "output_type": "stream",
     "text": [
      "age         0\n",
      "sex         1\n",
      "cp          0\n",
      "trtbps      1\n",
      "chol        1\n",
      "fbs         0\n",
      "restecg     0\n",
      "thalachh    0\n",
      "exng        0\n",
      "oldpeak     1\n",
      "slp         0\n",
      "caa         1\n",
      "thall       0\n",
      "output      0\n",
      "dtype: int64\n"
     ]
    }
   ],
   "source": [
    "print(df.isnull().sum())\n"
   ]
  },
  {
   "cell_type": "markdown",
   "id": "3884ee90",
   "metadata": {},
   "source": [
    "## Phase 2"
   ]
  },
  {
   "cell_type": "markdown",
   "id": "e5bdfa26",
   "metadata": {},
   "source": [
    "# Data cleanning"
   ]
  },
  {
   "cell_type": "code",
   "execution_count": 44,
   "id": "c7e5b471",
   "metadata": {},
   "outputs": [
    {
     "name": "stdout",
     "output_type": "stream",
     "text": [
      "age         0\n",
      "sex         0\n",
      "cp          0\n",
      "trtbps      0\n",
      "chol        0\n",
      "fbs         0\n",
      "restecg     0\n",
      "thalachh    0\n",
      "exng        0\n",
      "oldpeak     0\n",
      "slp         0\n",
      "caa         0\n",
      "thall       0\n",
      "output      0\n",
      "dtype: int64\n"
     ]
    }
   ],
   "source": [
    "# Perform mean imputation\n",
    "df = df.fillna(df.mean())\n",
    "\n",
    "# Verify if missing values are filled\n",
    "print(df.isnull().sum())\n"
   ]
  },
  {
   "cell_type": "code",
   "execution_count": 45,
   "id": "23c2988d",
   "metadata": {},
   "outputs": [
    {
     "name": "stdout",
     "output_type": "stream",
     "text": [
      "               age       sex        cp    trtbps      chol       fbs  \\\n",
      "age       1.000000 -0.095942 -0.068653  0.284226  0.213666  0.121308   \n",
      "sex      -0.095942  1.000000 -0.049463 -0.057796 -0.198483  0.046009   \n",
      "cp       -0.068653 -0.049463  1.000000  0.050962 -0.077343  0.094444   \n",
      "trtbps    0.284226 -0.057796  0.050962  1.000000  0.123578  0.179309   \n",
      "chol      0.213666 -0.198483 -0.077343  0.123578  1.000000  0.013100   \n",
      "fbs       0.121308  0.046009  0.094444  0.179309  0.013100  1.000000   \n",
      "restecg  -0.116211 -0.060270  0.044421 -0.117441 -0.150627 -0.084189   \n",
      "thalachh -0.398522 -0.046358  0.295762 -0.050034 -0.009730 -0.008567   \n",
      "exng      0.096801  0.143345 -0.394280  0.070165  0.066701  0.025665   \n",
      "oldpeak   0.208029  0.099490 -0.147473  0.192120  0.053576  0.004987   \n",
      "slp      -0.168814 -0.032938  0.119717 -0.125096 -0.003584 -0.059894   \n",
      "caa       0.279076  0.121685 -0.176535  0.101229  0.068626  0.137107   \n",
      "thall     0.068001  0.207668 -0.161736  0.064109  0.098568 -0.032019   \n",
      "output   -0.225439 -0.283216  0.433798 -0.148380 -0.084817 -0.028046   \n",
      "\n",
      "           restecg  thalachh      exng   oldpeak       slp       caa  \\\n",
      "age      -0.116211 -0.398522  0.096801  0.208029 -0.168814  0.279076   \n",
      "sex      -0.060270 -0.046358  0.143345  0.099490 -0.032938  0.121685   \n",
      "cp        0.044421  0.295762 -0.394280 -0.147473  0.119717 -0.176535   \n",
      "trtbps   -0.117441 -0.050034  0.070165  0.192120 -0.125096  0.101229   \n",
      "chol     -0.150627 -0.009730  0.066701  0.053576 -0.003584  0.068626   \n",
      "fbs      -0.084189 -0.008567  0.025665  0.004987 -0.059894  0.137107   \n",
      "restecg   1.000000  0.044123 -0.070733 -0.057157  0.093045 -0.074485   \n",
      "thalachh  0.044123  1.000000 -0.378812 -0.342014  0.386784 -0.213942   \n",
      "exng     -0.070733 -0.378812  1.000000  0.290992 -0.257748  0.119236   \n",
      "oldpeak  -0.057157 -0.342014  0.290992  1.000000 -0.576043  0.223226   \n",
      "slp       0.093045  0.386784 -0.257748 -0.576043  1.000000 -0.081760   \n",
      "caa      -0.074485 -0.213942  0.119236  0.223226 -0.081760  1.000000   \n",
      "thall    -0.011981 -0.096439  0.206754  0.209413 -0.104764  0.150746   \n",
      "output    0.137230  0.421741 -0.436757 -0.429241  0.345877 -0.389890   \n",
      "\n",
      "             thall    output  \n",
      "age       0.068001 -0.225439  \n",
      "sex       0.207668 -0.283216  \n",
      "cp       -0.161736  0.433798  \n",
      "trtbps    0.064109 -0.148380  \n",
      "chol      0.098568 -0.084817  \n",
      "fbs      -0.032019 -0.028046  \n",
      "restecg  -0.011981  0.137230  \n",
      "thalachh -0.096439  0.421741  \n",
      "exng      0.206754 -0.436757  \n",
      "oldpeak   0.209413 -0.429241  \n",
      "slp      -0.104764  0.345877  \n",
      "caa       0.150746 -0.389890  \n",
      "thall     1.000000 -0.344029  \n",
      "output   -0.344029  1.000000  \n"
     ]
    }
   ],
   "source": [
    "correlation_matrix = df.corr()\n",
    "print(correlation_matrix)"
   ]
  },
  {
   "cell_type": "code",
   "execution_count": 46,
   "id": "0f55d56f",
   "metadata": {},
   "outputs": [
    {
     "data": {
      "text/html": [
       "<div>\n",
       "<style scoped>\n",
       "    .dataframe tbody tr th:only-of-type {\n",
       "        vertical-align: middle;\n",
       "    }\n",
       "\n",
       "    .dataframe tbody tr th {\n",
       "        vertical-align: top;\n",
       "    }\n",
       "\n",
       "    .dataframe thead th {\n",
       "        text-align: right;\n",
       "    }\n",
       "</style>\n",
       "<table border=\"1\" class=\"dataframe\">\n",
       "  <thead>\n",
       "    <tr style=\"text-align: right;\">\n",
       "      <th></th>\n",
       "      <th>age</th>\n",
       "      <th>sex</th>\n",
       "      <th>cp</th>\n",
       "      <th>trtbps</th>\n",
       "      <th>chol</th>\n",
       "      <th>fbs</th>\n",
       "      <th>restecg</th>\n",
       "      <th>thalachh</th>\n",
       "      <th>exng</th>\n",
       "      <th>oldpeak</th>\n",
       "      <th>slp</th>\n",
       "      <th>caa</th>\n",
       "      <th>thall</th>\n",
       "      <th>output</th>\n",
       "    </tr>\n",
       "  </thead>\n",
       "  <tbody>\n",
       "    <tr>\n",
       "      <th>age</th>\n",
       "      <td>1.000000</td>\n",
       "      <td>-0.095942</td>\n",
       "      <td>-0.068653</td>\n",
       "      <td>0.284226</td>\n",
       "      <td>0.213666</td>\n",
       "      <td>0.121308</td>\n",
       "      <td>-0.116211</td>\n",
       "      <td>-0.398522</td>\n",
       "      <td>0.096801</td>\n",
       "      <td>0.208029</td>\n",
       "      <td>-0.168814</td>\n",
       "      <td>0.279076</td>\n",
       "      <td>0.068001</td>\n",
       "      <td>-0.225439</td>\n",
       "    </tr>\n",
       "    <tr>\n",
       "      <th>sex</th>\n",
       "      <td>-0.095942</td>\n",
       "      <td>1.000000</td>\n",
       "      <td>-0.049463</td>\n",
       "      <td>-0.057796</td>\n",
       "      <td>-0.198483</td>\n",
       "      <td>0.046009</td>\n",
       "      <td>-0.060270</td>\n",
       "      <td>-0.046358</td>\n",
       "      <td>0.143345</td>\n",
       "      <td>0.099490</td>\n",
       "      <td>-0.032938</td>\n",
       "      <td>0.121685</td>\n",
       "      <td>0.207668</td>\n",
       "      <td>-0.283216</td>\n",
       "    </tr>\n",
       "    <tr>\n",
       "      <th>cp</th>\n",
       "      <td>-0.068653</td>\n",
       "      <td>-0.049463</td>\n",
       "      <td>1.000000</td>\n",
       "      <td>0.050962</td>\n",
       "      <td>-0.077343</td>\n",
       "      <td>0.094444</td>\n",
       "      <td>0.044421</td>\n",
       "      <td>0.295762</td>\n",
       "      <td>-0.394280</td>\n",
       "      <td>-0.147473</td>\n",
       "      <td>0.119717</td>\n",
       "      <td>-0.176535</td>\n",
       "      <td>-0.161736</td>\n",
       "      <td>0.433798</td>\n",
       "    </tr>\n",
       "    <tr>\n",
       "      <th>trtbps</th>\n",
       "      <td>0.284226</td>\n",
       "      <td>-0.057796</td>\n",
       "      <td>0.050962</td>\n",
       "      <td>1.000000</td>\n",
       "      <td>0.123578</td>\n",
       "      <td>0.179309</td>\n",
       "      <td>-0.117441</td>\n",
       "      <td>-0.050034</td>\n",
       "      <td>0.070165</td>\n",
       "      <td>0.192120</td>\n",
       "      <td>-0.125096</td>\n",
       "      <td>0.101229</td>\n",
       "      <td>0.064109</td>\n",
       "      <td>-0.148380</td>\n",
       "    </tr>\n",
       "    <tr>\n",
       "      <th>chol</th>\n",
       "      <td>0.213666</td>\n",
       "      <td>-0.198483</td>\n",
       "      <td>-0.077343</td>\n",
       "      <td>0.123578</td>\n",
       "      <td>1.000000</td>\n",
       "      <td>0.013100</td>\n",
       "      <td>-0.150627</td>\n",
       "      <td>-0.009730</td>\n",
       "      <td>0.066701</td>\n",
       "      <td>0.053576</td>\n",
       "      <td>-0.003584</td>\n",
       "      <td>0.068626</td>\n",
       "      <td>0.098568</td>\n",
       "      <td>-0.084817</td>\n",
       "    </tr>\n",
       "    <tr>\n",
       "      <th>fbs</th>\n",
       "      <td>0.121308</td>\n",
       "      <td>0.046009</td>\n",
       "      <td>0.094444</td>\n",
       "      <td>0.179309</td>\n",
       "      <td>0.013100</td>\n",
       "      <td>1.000000</td>\n",
       "      <td>-0.084189</td>\n",
       "      <td>-0.008567</td>\n",
       "      <td>0.025665</td>\n",
       "      <td>0.004987</td>\n",
       "      <td>-0.059894</td>\n",
       "      <td>0.137107</td>\n",
       "      <td>-0.032019</td>\n",
       "      <td>-0.028046</td>\n",
       "    </tr>\n",
       "    <tr>\n",
       "      <th>restecg</th>\n",
       "      <td>-0.116211</td>\n",
       "      <td>-0.060270</td>\n",
       "      <td>0.044421</td>\n",
       "      <td>-0.117441</td>\n",
       "      <td>-0.150627</td>\n",
       "      <td>-0.084189</td>\n",
       "      <td>1.000000</td>\n",
       "      <td>0.044123</td>\n",
       "      <td>-0.070733</td>\n",
       "      <td>-0.057157</td>\n",
       "      <td>0.093045</td>\n",
       "      <td>-0.074485</td>\n",
       "      <td>-0.011981</td>\n",
       "      <td>0.137230</td>\n",
       "    </tr>\n",
       "    <tr>\n",
       "      <th>thalachh</th>\n",
       "      <td>-0.398522</td>\n",
       "      <td>-0.046358</td>\n",
       "      <td>0.295762</td>\n",
       "      <td>-0.050034</td>\n",
       "      <td>-0.009730</td>\n",
       "      <td>-0.008567</td>\n",
       "      <td>0.044123</td>\n",
       "      <td>1.000000</td>\n",
       "      <td>-0.378812</td>\n",
       "      <td>-0.342014</td>\n",
       "      <td>0.386784</td>\n",
       "      <td>-0.213942</td>\n",
       "      <td>-0.096439</td>\n",
       "      <td>0.421741</td>\n",
       "    </tr>\n",
       "    <tr>\n",
       "      <th>exng</th>\n",
       "      <td>0.096801</td>\n",
       "      <td>0.143345</td>\n",
       "      <td>-0.394280</td>\n",
       "      <td>0.070165</td>\n",
       "      <td>0.066701</td>\n",
       "      <td>0.025665</td>\n",
       "      <td>-0.070733</td>\n",
       "      <td>-0.378812</td>\n",
       "      <td>1.000000</td>\n",
       "      <td>0.290992</td>\n",
       "      <td>-0.257748</td>\n",
       "      <td>0.119236</td>\n",
       "      <td>0.206754</td>\n",
       "      <td>-0.436757</td>\n",
       "    </tr>\n",
       "    <tr>\n",
       "      <th>oldpeak</th>\n",
       "      <td>0.208029</td>\n",
       "      <td>0.099490</td>\n",
       "      <td>-0.147473</td>\n",
       "      <td>0.192120</td>\n",
       "      <td>0.053576</td>\n",
       "      <td>0.004987</td>\n",
       "      <td>-0.057157</td>\n",
       "      <td>-0.342014</td>\n",
       "      <td>0.290992</td>\n",
       "      <td>1.000000</td>\n",
       "      <td>-0.576043</td>\n",
       "      <td>0.223226</td>\n",
       "      <td>0.209413</td>\n",
       "      <td>-0.429241</td>\n",
       "    </tr>\n",
       "    <tr>\n",
       "      <th>slp</th>\n",
       "      <td>-0.168814</td>\n",
       "      <td>-0.032938</td>\n",
       "      <td>0.119717</td>\n",
       "      <td>-0.125096</td>\n",
       "      <td>-0.003584</td>\n",
       "      <td>-0.059894</td>\n",
       "      <td>0.093045</td>\n",
       "      <td>0.386784</td>\n",
       "      <td>-0.257748</td>\n",
       "      <td>-0.576043</td>\n",
       "      <td>1.000000</td>\n",
       "      <td>-0.081760</td>\n",
       "      <td>-0.104764</td>\n",
       "      <td>0.345877</td>\n",
       "    </tr>\n",
       "    <tr>\n",
       "      <th>caa</th>\n",
       "      <td>0.279076</td>\n",
       "      <td>0.121685</td>\n",
       "      <td>-0.176535</td>\n",
       "      <td>0.101229</td>\n",
       "      <td>0.068626</td>\n",
       "      <td>0.137107</td>\n",
       "      <td>-0.074485</td>\n",
       "      <td>-0.213942</td>\n",
       "      <td>0.119236</td>\n",
       "      <td>0.223226</td>\n",
       "      <td>-0.081760</td>\n",
       "      <td>1.000000</td>\n",
       "      <td>0.150746</td>\n",
       "      <td>-0.389890</td>\n",
       "    </tr>\n",
       "    <tr>\n",
       "      <th>thall</th>\n",
       "      <td>0.068001</td>\n",
       "      <td>0.207668</td>\n",
       "      <td>-0.161736</td>\n",
       "      <td>0.064109</td>\n",
       "      <td>0.098568</td>\n",
       "      <td>-0.032019</td>\n",
       "      <td>-0.011981</td>\n",
       "      <td>-0.096439</td>\n",
       "      <td>0.206754</td>\n",
       "      <td>0.209413</td>\n",
       "      <td>-0.104764</td>\n",
       "      <td>0.150746</td>\n",
       "      <td>1.000000</td>\n",
       "      <td>-0.344029</td>\n",
       "    </tr>\n",
       "    <tr>\n",
       "      <th>output</th>\n",
       "      <td>-0.225439</td>\n",
       "      <td>-0.283216</td>\n",
       "      <td>0.433798</td>\n",
       "      <td>-0.148380</td>\n",
       "      <td>-0.084817</td>\n",
       "      <td>-0.028046</td>\n",
       "      <td>0.137230</td>\n",
       "      <td>0.421741</td>\n",
       "      <td>-0.436757</td>\n",
       "      <td>-0.429241</td>\n",
       "      <td>0.345877</td>\n",
       "      <td>-0.389890</td>\n",
       "      <td>-0.344029</td>\n",
       "      <td>1.000000</td>\n",
       "    </tr>\n",
       "  </tbody>\n",
       "</table>\n",
       "</div>"
      ],
      "text/plain": [
       "               age       sex        cp    trtbps      chol       fbs  \\\n",
       "age       1.000000 -0.095942 -0.068653  0.284226  0.213666  0.121308   \n",
       "sex      -0.095942  1.000000 -0.049463 -0.057796 -0.198483  0.046009   \n",
       "cp       -0.068653 -0.049463  1.000000  0.050962 -0.077343  0.094444   \n",
       "trtbps    0.284226 -0.057796  0.050962  1.000000  0.123578  0.179309   \n",
       "chol      0.213666 -0.198483 -0.077343  0.123578  1.000000  0.013100   \n",
       "fbs       0.121308  0.046009  0.094444  0.179309  0.013100  1.000000   \n",
       "restecg  -0.116211 -0.060270  0.044421 -0.117441 -0.150627 -0.084189   \n",
       "thalachh -0.398522 -0.046358  0.295762 -0.050034 -0.009730 -0.008567   \n",
       "exng      0.096801  0.143345 -0.394280  0.070165  0.066701  0.025665   \n",
       "oldpeak   0.208029  0.099490 -0.147473  0.192120  0.053576  0.004987   \n",
       "slp      -0.168814 -0.032938  0.119717 -0.125096 -0.003584 -0.059894   \n",
       "caa       0.279076  0.121685 -0.176535  0.101229  0.068626  0.137107   \n",
       "thall     0.068001  0.207668 -0.161736  0.064109  0.098568 -0.032019   \n",
       "output   -0.225439 -0.283216  0.433798 -0.148380 -0.084817 -0.028046   \n",
       "\n",
       "           restecg  thalachh      exng   oldpeak       slp       caa  \\\n",
       "age      -0.116211 -0.398522  0.096801  0.208029 -0.168814  0.279076   \n",
       "sex      -0.060270 -0.046358  0.143345  0.099490 -0.032938  0.121685   \n",
       "cp        0.044421  0.295762 -0.394280 -0.147473  0.119717 -0.176535   \n",
       "trtbps   -0.117441 -0.050034  0.070165  0.192120 -0.125096  0.101229   \n",
       "chol     -0.150627 -0.009730  0.066701  0.053576 -0.003584  0.068626   \n",
       "fbs      -0.084189 -0.008567  0.025665  0.004987 -0.059894  0.137107   \n",
       "restecg   1.000000  0.044123 -0.070733 -0.057157  0.093045 -0.074485   \n",
       "thalachh  0.044123  1.000000 -0.378812 -0.342014  0.386784 -0.213942   \n",
       "exng     -0.070733 -0.378812  1.000000  0.290992 -0.257748  0.119236   \n",
       "oldpeak  -0.057157 -0.342014  0.290992  1.000000 -0.576043  0.223226   \n",
       "slp       0.093045  0.386784 -0.257748 -0.576043  1.000000 -0.081760   \n",
       "caa      -0.074485 -0.213942  0.119236  0.223226 -0.081760  1.000000   \n",
       "thall    -0.011981 -0.096439  0.206754  0.209413 -0.104764  0.150746   \n",
       "output    0.137230  0.421741 -0.436757 -0.429241  0.345877 -0.389890   \n",
       "\n",
       "             thall    output  \n",
       "age       0.068001 -0.225439  \n",
       "sex       0.207668 -0.283216  \n",
       "cp       -0.161736  0.433798  \n",
       "trtbps    0.064109 -0.148380  \n",
       "chol      0.098568 -0.084817  \n",
       "fbs      -0.032019 -0.028046  \n",
       "restecg  -0.011981  0.137230  \n",
       "thalachh -0.096439  0.421741  \n",
       "exng      0.206754 -0.436757  \n",
       "oldpeak   0.209413 -0.429241  \n",
       "slp      -0.104764  0.345877  \n",
       "caa       0.150746 -0.389890  \n",
       "thall     1.000000 -0.344029  \n",
       "output   -0.344029  1.000000  "
      ]
     },
     "execution_count": 46,
     "metadata": {},
     "output_type": "execute_result"
    }
   ],
   "source": [
    "df.corr()"
   ]
  },
  {
   "cell_type": "code",
   "execution_count": 47,
   "id": "bf825caf",
   "metadata": {},
   "outputs": [
    {
     "name": "stdout",
     "output_type": "stream",
     "text": [
      "Pearson correlation coefficient: 0.4337982615068934\n"
     ]
    }
   ],
   "source": [
    "import pandas as pd\n",
    "\n",
    "\n",
    "# Select the two columns for correlation\n",
    "cp = df['cp']\n",
    "target = df['output']\n",
    "# Calculate the correlation between the two columns\n",
    "correlation = cp.corr(target)\n",
    "\n",
    "# Print the correlation coefficient\n",
    "print(\"Pearson correlation coefficient:\", correlation)\n"
   ]
  },
  {
   "cell_type": "code",
   "execution_count": 48,
   "id": "8c84b88d",
   "metadata": {
    "scrolled": false
   },
   "outputs": [
    {
     "data": {
      "text/html": [
       "<div>\n",
       "<style scoped>\n",
       "    .dataframe tbody tr th:only-of-type {\n",
       "        vertical-align: middle;\n",
       "    }\n",
       "\n",
       "    .dataframe tbody tr th {\n",
       "        vertical-align: top;\n",
       "    }\n",
       "\n",
       "    .dataframe thead th {\n",
       "        text-align: right;\n",
       "    }\n",
       "</style>\n",
       "<table border=\"1\" class=\"dataframe\">\n",
       "  <thead>\n",
       "    <tr style=\"text-align: right;\">\n",
       "      <th></th>\n",
       "      <th>age</th>\n",
       "      <th>sex</th>\n",
       "      <th>cp</th>\n",
       "      <th>trtbps</th>\n",
       "      <th>chol</th>\n",
       "      <th>fbs</th>\n",
       "      <th>restecg</th>\n",
       "      <th>thalachh</th>\n",
       "      <th>exng</th>\n",
       "      <th>oldpeak</th>\n",
       "      <th>slp</th>\n",
       "      <th>caa</th>\n",
       "      <th>thall</th>\n",
       "      <th>output</th>\n",
       "      <th>diabetes</th>\n",
       "    </tr>\n",
       "  </thead>\n",
       "  <tbody>\n",
       "    <tr>\n",
       "      <th>0</th>\n",
       "      <td>63</td>\n",
       "      <td>1.000000</td>\n",
       "      <td>3</td>\n",
       "      <td>145.000000</td>\n",
       "      <td>233.000000</td>\n",
       "      <td>1</td>\n",
       "      <td>0</td>\n",
       "      <td>150</td>\n",
       "      <td>0</td>\n",
       "      <td>2.3</td>\n",
       "      <td>0</td>\n",
       "      <td>0.000000</td>\n",
       "      <td>1</td>\n",
       "      <td>1</td>\n",
       "      <td>0</td>\n",
       "    </tr>\n",
       "    <tr>\n",
       "      <th>1</th>\n",
       "      <td>37</td>\n",
       "      <td>1.000000</td>\n",
       "      <td>2</td>\n",
       "      <td>130.000000</td>\n",
       "      <td>250.000000</td>\n",
       "      <td>0</td>\n",
       "      <td>1</td>\n",
       "      <td>187</td>\n",
       "      <td>0</td>\n",
       "      <td>3.5</td>\n",
       "      <td>0</td>\n",
       "      <td>0.000000</td>\n",
       "      <td>2</td>\n",
       "      <td>1</td>\n",
       "      <td>0</td>\n",
       "    </tr>\n",
       "    <tr>\n",
       "      <th>2</th>\n",
       "      <td>41</td>\n",
       "      <td>0.000000</td>\n",
       "      <td>1</td>\n",
       "      <td>130.000000</td>\n",
       "      <td>204.000000</td>\n",
       "      <td>0</td>\n",
       "      <td>0</td>\n",
       "      <td>172</td>\n",
       "      <td>0</td>\n",
       "      <td>1.4</td>\n",
       "      <td>2</td>\n",
       "      <td>0.000000</td>\n",
       "      <td>2</td>\n",
       "      <td>1</td>\n",
       "      <td>0</td>\n",
       "    </tr>\n",
       "    <tr>\n",
       "      <th>3</th>\n",
       "      <td>56</td>\n",
       "      <td>1.000000</td>\n",
       "      <td>1</td>\n",
       "      <td>120.000000</td>\n",
       "      <td>236.000000</td>\n",
       "      <td>0</td>\n",
       "      <td>1</td>\n",
       "      <td>178</td>\n",
       "      <td>0</td>\n",
       "      <td>0.8</td>\n",
       "      <td>2</td>\n",
       "      <td>0.000000</td>\n",
       "      <td>2</td>\n",
       "      <td>1</td>\n",
       "      <td>0</td>\n",
       "    </tr>\n",
       "    <tr>\n",
       "      <th>4</th>\n",
       "      <td>57</td>\n",
       "      <td>0.000000</td>\n",
       "      <td>0</td>\n",
       "      <td>120.000000</td>\n",
       "      <td>354.000000</td>\n",
       "      <td>0</td>\n",
       "      <td>1</td>\n",
       "      <td>163</td>\n",
       "      <td>1</td>\n",
       "      <td>0.6</td>\n",
       "      <td>2</td>\n",
       "      <td>0.000000</td>\n",
       "      <td>2</td>\n",
       "      <td>1</td>\n",
       "      <td>0</td>\n",
       "    </tr>\n",
       "    <tr>\n",
       "      <th>5</th>\n",
       "      <td>57</td>\n",
       "      <td>1.000000</td>\n",
       "      <td>0</td>\n",
       "      <td>140.000000</td>\n",
       "      <td>192.000000</td>\n",
       "      <td>0</td>\n",
       "      <td>1</td>\n",
       "      <td>148</td>\n",
       "      <td>0</td>\n",
       "      <td>0.4</td>\n",
       "      <td>1</td>\n",
       "      <td>0.000000</td>\n",
       "      <td>1</td>\n",
       "      <td>1</td>\n",
       "      <td>0</td>\n",
       "    </tr>\n",
       "    <tr>\n",
       "      <th>6</th>\n",
       "      <td>56</td>\n",
       "      <td>0.000000</td>\n",
       "      <td>1</td>\n",
       "      <td>140.000000</td>\n",
       "      <td>294.000000</td>\n",
       "      <td>0</td>\n",
       "      <td>0</td>\n",
       "      <td>153</td>\n",
       "      <td>0</td>\n",
       "      <td>1.3</td>\n",
       "      <td>1</td>\n",
       "      <td>0.000000</td>\n",
       "      <td>2</td>\n",
       "      <td>1</td>\n",
       "      <td>0</td>\n",
       "    </tr>\n",
       "    <tr>\n",
       "      <th>7</th>\n",
       "      <td>44</td>\n",
       "      <td>0.682119</td>\n",
       "      <td>1</td>\n",
       "      <td>120.000000</td>\n",
       "      <td>263.000000</td>\n",
       "      <td>0</td>\n",
       "      <td>1</td>\n",
       "      <td>173</td>\n",
       "      <td>0</td>\n",
       "      <td>0.0</td>\n",
       "      <td>2</td>\n",
       "      <td>0.000000</td>\n",
       "      <td>3</td>\n",
       "      <td>1</td>\n",
       "      <td>0</td>\n",
       "    </tr>\n",
       "    <tr>\n",
       "      <th>8</th>\n",
       "      <td>52</td>\n",
       "      <td>1.000000</td>\n",
       "      <td>2</td>\n",
       "      <td>172.000000</td>\n",
       "      <td>199.000000</td>\n",
       "      <td>1</td>\n",
       "      <td>1</td>\n",
       "      <td>162</td>\n",
       "      <td>0</td>\n",
       "      <td>0.5</td>\n",
       "      <td>2</td>\n",
       "      <td>0.000000</td>\n",
       "      <td>3</td>\n",
       "      <td>1</td>\n",
       "      <td>0</td>\n",
       "    </tr>\n",
       "    <tr>\n",
       "      <th>9</th>\n",
       "      <td>57</td>\n",
       "      <td>1.000000</td>\n",
       "      <td>2</td>\n",
       "      <td>150.000000</td>\n",
       "      <td>168.000000</td>\n",
       "      <td>0</td>\n",
       "      <td>1</td>\n",
       "      <td>174</td>\n",
       "      <td>0</td>\n",
       "      <td>1.6</td>\n",
       "      <td>2</td>\n",
       "      <td>0.000000</td>\n",
       "      <td>2</td>\n",
       "      <td>1</td>\n",
       "      <td>0</td>\n",
       "    </tr>\n",
       "    <tr>\n",
       "      <th>10</th>\n",
       "      <td>54</td>\n",
       "      <td>1.000000</td>\n",
       "      <td>0</td>\n",
       "      <td>140.000000</td>\n",
       "      <td>246.288079</td>\n",
       "      <td>0</td>\n",
       "      <td>1</td>\n",
       "      <td>160</td>\n",
       "      <td>0</td>\n",
       "      <td>1.2</td>\n",
       "      <td>2</td>\n",
       "      <td>0.000000</td>\n",
       "      <td>2</td>\n",
       "      <td>1</td>\n",
       "      <td>0</td>\n",
       "    </tr>\n",
       "    <tr>\n",
       "      <th>11</th>\n",
       "      <td>48</td>\n",
       "      <td>0.000000</td>\n",
       "      <td>2</td>\n",
       "      <td>130.000000</td>\n",
       "      <td>275.000000</td>\n",
       "      <td>0</td>\n",
       "      <td>1</td>\n",
       "      <td>139</td>\n",
       "      <td>0</td>\n",
       "      <td>0.2</td>\n",
       "      <td>2</td>\n",
       "      <td>0.000000</td>\n",
       "      <td>2</td>\n",
       "      <td>1</td>\n",
       "      <td>0</td>\n",
       "    </tr>\n",
       "    <tr>\n",
       "      <th>12</th>\n",
       "      <td>49</td>\n",
       "      <td>1.000000</td>\n",
       "      <td>1</td>\n",
       "      <td>130.000000</td>\n",
       "      <td>266.000000</td>\n",
       "      <td>0</td>\n",
       "      <td>1</td>\n",
       "      <td>171</td>\n",
       "      <td>0</td>\n",
       "      <td>0.6</td>\n",
       "      <td>2</td>\n",
       "      <td>0.000000</td>\n",
       "      <td>2</td>\n",
       "      <td>1</td>\n",
       "      <td>0</td>\n",
       "    </tr>\n",
       "    <tr>\n",
       "      <th>13</th>\n",
       "      <td>64</td>\n",
       "      <td>1.000000</td>\n",
       "      <td>3</td>\n",
       "      <td>110.000000</td>\n",
       "      <td>211.000000</td>\n",
       "      <td>0</td>\n",
       "      <td>0</td>\n",
       "      <td>144</td>\n",
       "      <td>1</td>\n",
       "      <td>1.8</td>\n",
       "      <td>1</td>\n",
       "      <td>0.731788</td>\n",
       "      <td>2</td>\n",
       "      <td>1</td>\n",
       "      <td>0</td>\n",
       "    </tr>\n",
       "    <tr>\n",
       "      <th>14</th>\n",
       "      <td>58</td>\n",
       "      <td>0.000000</td>\n",
       "      <td>3</td>\n",
       "      <td>150.000000</td>\n",
       "      <td>283.000000</td>\n",
       "      <td>1</td>\n",
       "      <td>0</td>\n",
       "      <td>162</td>\n",
       "      <td>0</td>\n",
       "      <td>1.0</td>\n",
       "      <td>2</td>\n",
       "      <td>0.000000</td>\n",
       "      <td>2</td>\n",
       "      <td>1</td>\n",
       "      <td>0</td>\n",
       "    </tr>\n",
       "    <tr>\n",
       "      <th>15</th>\n",
       "      <td>50</td>\n",
       "      <td>0.000000</td>\n",
       "      <td>2</td>\n",
       "      <td>120.000000</td>\n",
       "      <td>219.000000</td>\n",
       "      <td>0</td>\n",
       "      <td>1</td>\n",
       "      <td>158</td>\n",
       "      <td>0</td>\n",
       "      <td>1.6</td>\n",
       "      <td>1</td>\n",
       "      <td>0.000000</td>\n",
       "      <td>2</td>\n",
       "      <td>1</td>\n",
       "      <td>0</td>\n",
       "    </tr>\n",
       "    <tr>\n",
       "      <th>16</th>\n",
       "      <td>58</td>\n",
       "      <td>0.000000</td>\n",
       "      <td>2</td>\n",
       "      <td>120.000000</td>\n",
       "      <td>340.000000</td>\n",
       "      <td>0</td>\n",
       "      <td>1</td>\n",
       "      <td>172</td>\n",
       "      <td>0</td>\n",
       "      <td>0.0</td>\n",
       "      <td>2</td>\n",
       "      <td>0.000000</td>\n",
       "      <td>2</td>\n",
       "      <td>1</td>\n",
       "      <td>0</td>\n",
       "    </tr>\n",
       "    <tr>\n",
       "      <th>17</th>\n",
       "      <td>66</td>\n",
       "      <td>0.000000</td>\n",
       "      <td>3</td>\n",
       "      <td>150.000000</td>\n",
       "      <td>226.000000</td>\n",
       "      <td>0</td>\n",
       "      <td>1</td>\n",
       "      <td>114</td>\n",
       "      <td>0</td>\n",
       "      <td>2.6</td>\n",
       "      <td>0</td>\n",
       "      <td>0.000000</td>\n",
       "      <td>2</td>\n",
       "      <td>1</td>\n",
       "      <td>1</td>\n",
       "    </tr>\n",
       "    <tr>\n",
       "      <th>18</th>\n",
       "      <td>43</td>\n",
       "      <td>1.000000</td>\n",
       "      <td>0</td>\n",
       "      <td>131.562914</td>\n",
       "      <td>247.000000</td>\n",
       "      <td>0</td>\n",
       "      <td>1</td>\n",
       "      <td>171</td>\n",
       "      <td>0</td>\n",
       "      <td>1.5</td>\n",
       "      <td>2</td>\n",
       "      <td>0.000000</td>\n",
       "      <td>2</td>\n",
       "      <td>1</td>\n",
       "      <td>0</td>\n",
       "    </tr>\n",
       "    <tr>\n",
       "      <th>19</th>\n",
       "      <td>69</td>\n",
       "      <td>0.000000</td>\n",
       "      <td>3</td>\n",
       "      <td>140.000000</td>\n",
       "      <td>239.000000</td>\n",
       "      <td>0</td>\n",
       "      <td>1</td>\n",
       "      <td>151</td>\n",
       "      <td>0</td>\n",
       "      <td>1.8</td>\n",
       "      <td>2</td>\n",
       "      <td>2.000000</td>\n",
       "      <td>2</td>\n",
       "      <td>1</td>\n",
       "      <td>1</td>\n",
       "    </tr>\n",
       "  </tbody>\n",
       "</table>\n",
       "</div>"
      ],
      "text/plain": [
       "    age       sex  cp      trtbps        chol  fbs  restecg  thalachh  exng  \\\n",
       "0    63  1.000000   3  145.000000  233.000000    1        0       150     0   \n",
       "1    37  1.000000   2  130.000000  250.000000    0        1       187     0   \n",
       "2    41  0.000000   1  130.000000  204.000000    0        0       172     0   \n",
       "3    56  1.000000   1  120.000000  236.000000    0        1       178     0   \n",
       "4    57  0.000000   0  120.000000  354.000000    0        1       163     1   \n",
       "5    57  1.000000   0  140.000000  192.000000    0        1       148     0   \n",
       "6    56  0.000000   1  140.000000  294.000000    0        0       153     0   \n",
       "7    44  0.682119   1  120.000000  263.000000    0        1       173     0   \n",
       "8    52  1.000000   2  172.000000  199.000000    1        1       162     0   \n",
       "9    57  1.000000   2  150.000000  168.000000    0        1       174     0   \n",
       "10   54  1.000000   0  140.000000  246.288079    0        1       160     0   \n",
       "11   48  0.000000   2  130.000000  275.000000    0        1       139     0   \n",
       "12   49  1.000000   1  130.000000  266.000000    0        1       171     0   \n",
       "13   64  1.000000   3  110.000000  211.000000    0        0       144     1   \n",
       "14   58  0.000000   3  150.000000  283.000000    1        0       162     0   \n",
       "15   50  0.000000   2  120.000000  219.000000    0        1       158     0   \n",
       "16   58  0.000000   2  120.000000  340.000000    0        1       172     0   \n",
       "17   66  0.000000   3  150.000000  226.000000    0        1       114     0   \n",
